1111
1112
11112233
1113
1114
1115
1116
1118
1117
1119
1110
1121
1122
1123
1124
1125
1126
1128
1127
1129
1120
1131
1132
1133
1134
1135
1136
1138
1137
1139
1130
1141
1142
1143
1144
1145
1146
1148
1147
1149
1140
1151
1152
1153
1154
1155
1156
1158
1157
1159
1150
1161
1162
1163
1164
1165
1166
1168
1167
1169
1160
1181
1182
1183
1184
1185
1186
1188
1187
1189
1180
1171
1172
1173
1174
1175
1176
1178
1177
1179
1170
1191
1192
1193
1194
1195
1196
1198
1197
1199
1190
1101
1102
1103
1104
1105
1106
1108
1107
1109
1100
1211
1212
1213
1214
1215
1216
1218
1217
1219
1210
1221
1222
1223
1224
1225
1226
1228
1227
1229
1220
1231
1232
1233
1234
1235
1236
1238
1237
1239
1230
1241
1242
1243
1244
1245
1246
1248
1247
1249
1240
1251
1252
1253
1254
1255
1256
1258
1257
1259
1250
1261
1262
1263
1264
1265
1266
1268
1267
1269
1260
1281
1282
1283
1284
1285
1286
1288
1287
1289
1280
1271
1272
1273
1274
1275
1276
1278
1277
1279
1270
1291
1292
1293
1294
1295
1296
1298
1297
1299
1290
1201
1202
1203
1204
1205
1206
1208
1207
1209
1200
1311
1312
1313
1314
1315
1316
1318
1317
1319
1310
1321
1322
1323
1324
1325
1326
1328
1327
1329
1320
1331
1332
1333
1334
1335
1336
1338
1337
1339
1330
1341
1342
1343
1344
1345
1346
1348
1347
1349
1340
1351
1352
1353
1354
1355
1356
1358
1357
1359
1350
1361
1362
1363
1364
1365
1366
1368
1367
1369
1360
1381
1382
1383
1384
1385
1386
1388
1387
1389
1380
1371
1372
1373
1374
1375
1376
1378
1377
1379
1370
1391
1392
1393
1394
1395
1396
1398
1397
1399
1390
1301
1302
1303
1304
1305
1306
1308
1307
1309
1300
1411
1412
1413
1414
1415
1416
1418
1417
1419
1410
1421
1422
1423
1424
1425
1426
1428
1427
1429
1420
1431
1432
1433
1434
1435
1436
1438
1437
1439
1430
1441
1442
1443
1444
1445
1446
1448
1447
1449
1440
1451
1452
1453
1454
1455
1456
1458
1457
1459
1450
1461
1462
1463
1464
1465
1466
1468
1467
1469
1460
1481
1482
1483
1484
1485
1486
1488
1487
1489
1480
1471
1472
1473
1474
1475
1476
1478
1477
1479
1470
1491
1492
1493
1494
1495
1496
1498
1497
1499
1490
1401
1402
1403
1404
1405
1406
1408
1407
1409
1400
1511
1512
1513
1514
1515
1516
1518
1517
1519
1510
1521
1522
1523
1524
1525
1526
1528
1527
1529
1520
1531
1532
1533
1534
1535
1536
1538
1537
1539
1530
1541
1542
1543
1544
1545
1546
1548
1547
1549
1540
1551
1552
1553
1554
1555
1556
1558
1557
1559
1550
1561
1562
1563
1564
1565
1566
1568
1567
1569
1560
1581
1582
1583
1584
1585
1586
1588
1587
1589
1580
1571
1572
1573
1574
1575
1576
1578
1577
1579
1570
1591
1592
1593
1594
1595
1596
1598
1597
1599
1590
1501
1502
1503
1504
1505
1506
1508
1507
1509
1500
1611
1612
1613
1614
1615
1616
1618
1617
1619
1610
1621
1622
1623
1624
1625
1626
1628
1627
1629
1620
1631
1632
1633
1634
1635
1636
1638
1637
1639
1630
1641
1642
1643
1644
1645
1646
1648
1647
1649
1640
1651
1652
1653
1654
1655
1656
1658
1657
1659
1650
1661
1662
1663
1664
1665
1666
1668
1667
1669
1660
1681
1682
1683
1684
1685
1686
1688
1687
1689
1680
1671
1672
1673
1674
1675
1676
1678
1677
1679
1670
1691
1692
1693
1694
1695
1696
1698
1697
1699
1690
1601
1602
1603
1604
1605
1606
1608
1607
1609
1600
1811
1812
1813
1814
1815
1816
1818
1817
1819
1810
1821
1822
1823
1824
1825
1826
1828
1827
1829
1820
1831
1832
1833
1834
1835
1836
1838
1837
1839
1830
1841
1842
1843
1844
1845
1846
1848
1847
1849
1840
1851
1852
1853
1854
1855
1856
1858
1857
1859
1850
1861
1862
1863
1864
1865
1866
1868
1867
1869
1860
1881
1882
1883
1884
1885
1886
1888
1887
1889
1880
1871
1872
1873
1874
1875
1876
1878
1877
1879
1870
1891
1892
1893
1894
1895
1896
1898
1897
1899
1890
1801
1802
1803
1804
1805
1806
1808
1807
1809
1800
1711
1712
1713
1714
1715
1716
1718
1717
1719
1710
1721
1722
1723
1724
1725
1726
1728
1727
1729
1720
1731
1732
1733
1734
1735
1736
1738
1737
1739
1730
1741
1742
1743
1744
1745
1746
1748
1747
1749
1740
1751
1752
1753
1754
1755
1756
1758
1757
1759
1750
1761
1762
1763
1764
1765
1766
1768
1767
1769
1760
1781
1782
1783
1784
1785
1786
1788
1787
1789
1780
1771
1772
1773
1774
1775
1776
1778
1777
1779
1770
1791
1792
1793
1794
1795
1796
1798
1797
1799
1790
1701
1702
1703
1704
1705
1706
1708
1707
1709
1700
1911
1912
1913
1914
1915
1916
1918
1917
1919
1910
1921
1922
1923
1924
1925
1926
1928
1927
1929
1920
1931
1932
1933
1934
1935
1936
1938
1937
1939
1930
1941
1942
1943
1944
1945
1946
1948
1947
1949
1940
1951
1952
1953
1954
1955
1956
1958
1957
1959
1950
1961
1962
1963
1964
1965
1966
1968
1967
1969
1960
1981
1982
1983
1984
1985
1986
1988
1987
1989
1980
1971
1972
1973
1974
1975
1976
1978
1977
1979
1970
1991
1992
1993
1994
1995
1996
1998
1997
1999
1990
1901
1902
1903
1904
1905
1906
1908
1907
1909
1900
1011
1012
1013
1014
1015
1016
1018
1017
1019
1010
1021
1022
1023
1024
1025
1026
1028
1027
1029
1020
1031
1032
1033
1034
1035
1036
1038
1037
1039
1030
1041
1042
1043
1044
1045
1046
1048
1047
1049
1040
1051
1052
1053
1054
1055
1056
1058
1057
1059
1050
1061
1062
1063
1064
1065
1066
1068
1067
1069
1060
1081
1082
1083
1084
1085
1086
1088
1087
1089
1080
1071
1072
1073
1074
1075
1076
1078
1077
1079
1070
1091
1092
1093
1094
1095
1096
1098
1097
1099
1090
1001
1002
1003
1004
1005
1006
1008
1007
1009
1000
2111
2112
2113
2114
2115
2116
2118
2117
2119
2110
2121
2122
2123
2124
2125
2126
2128
2127
2129
2120
2131
2132
2133
2134
2135
2136
2138
2137
2139
2130
2141
2142
2143
2144
2145
2146
2148
2147
2149
2140
2151
2152
2153
2154
2155
2156
2158
2157
2159
2150
2161
2162
2163
2164
2165
2166
2168
2167
2169
2160
2181
2182
2183
2184
2185
2186
2188
2187
2189
2180
2171
2172
2173
2174
2175
2176
2178
2177
2179
2170
2191
2192
2193
2194
2195
2196
2198
2197
2199
2190
2101
2102
2103
2104
2105
2106
2108
2107
2109
2100
2211
2212
2213
2214
2215
2216
2218
2217
2219
2210
2221
2222
2223
2224
2225
2226
2228
2227
2229
2220
2231
2232
2233
2234
2235
2236
2238
2237
2239
2230
2241
2242
2243
2244
2245
2246
2248
2247
2249
2240
2251
2252
2253
2254
2255
2256
2258
2257
2259
2250
2261
2262
2263
2264
2265
2266
2268
2267
2269
2260
2281
2282
2283
2284
2285
2286
2288
2287
2289
2280
2271
2272
2273
2274
2275
2276
2278
2277
2279
2270
2291
2292
2293
2294
2295
2296
2298
2297
2299
2290
2201
2202
2203
2204
2205
2206
2208
2207
2209
2200
2311
2312
2313
2314
2315
2316
2318
2317
2319
2310
2321
2322
2323
2324
2325
2326
2328
2327
2329
2320
2331
2332
2333
2334
2335
2336
2338
2337
2339
2330
2341
2342
2343
2344
2345
2346
2348
2347
2349
2340
2351
2352
2353
2354
2355
2356
2358
2357
2359
2350
2361
2362
2363
2364
2365
2366
2368
2367
2369
2360
2381
2382
2383
2384
2385
2386
2388
2387
2389
2380
2371
2372
2373
2374
2375
2376
2378
2377
2379
2370
2391
2392
2393
2394
2395
2396
2398
2397
2399
2390
2301
2302
2303
2304
2305
2306
2308
2307
2309
2300
2411
2412
2413
2414
2415
2416
2418
2417
2419
2410
2421
2422
2423
2424
2425
2426
2428
2427
2429
2420
2431
2432
2433
2434
2435
2436
2438
2437
2439
2430
2441
2442
2443
2444
2445
2446
2448
2447
2449
2440
2451
2452
2453
2454
2455
2456
2458
2457
2459
2450
2461
2462
2463
2464
2465
2466
2468
2467
2469
2460
2481
2482
2483
2484
2485
2486
2488
2487
2489
2480
2471
2472
2473
2474
2475
2476
2478
2477
2479
2470
2491
2492
2493
2494
2495
2496
2498
2497
2499
2490
2401
2402
2403
2404
2405
2406
2408
2407
2409
2400
2511
2512
2513
2514
2515
2516
2518
2517
2519
2510
2521
2522
2523
2524
2525
2526
2528
2527
2529
2520
2531
2532
2533
2534
2535
2536
2538
2537
2539
2530
2541
2542
2543
2544
2545
2546
2548
2547
2549
2540
2551
2552
2553
2554
2555
2556
2558
2557
2559
2550
2561
2562
2563
2564
2565
2566
2568
2567
2569
2560
2581
2582
2583
2584
2585
2586
2588
2587
2589
2580
2571
2572
2573
2574
2575
2576
2578
2577
2579
2570
2591
2592
2593
2594
2595
2596
2598
2597
2599
2590
2501
2502
2503
2504
2505
2506
2508
2507
2509
2500
2611
2612
2613
2614
2615
2616
2618
2617
2619
2610
2621
2622
2623
2624
2625
2626
2628
2627
2629
2620
2631
2632
2633
2634
2635
2636
2638
2637
2639
2630
2641
2642
2643
2644
2645
2646
2648
2647
2649
2640
2651
2652
2653
2654
2655
2656
2658
2657
2659
2650
2661
2662
2663
2664
2665
2666
2668
2667
2669
2660
2681
2682
2683
2684
2685
2686
2688
2687
2689
2680
2671
2672
2673
2674
2675
2676
2678
2677
2679
2670
2691
2692
2693
2694
2695
2696
2698
2697
2699
2690
2601
2602
2603
2604
2605
2606
2608
2607
2609
2600
2811
2812
2813
2814
2815
2816
2818
2817
2819
2810
2821
2822
2823
2824
2825
2826
2828
2827
2829
2820
2831
2832
2833
2834
2835
2836
2838
2837
2839
2830
2841
2842
2843
2844
2845
2846
2848
2847
2849
2840
2851
2852
2853
2854
2855
2856
2858
2857
2859
2850
2861
2862
2863
2864
2865
2866
2868
2867
2869
2860
2881
2882
2883
2884
2885
2886
2888
2887
2889
2880
2871
2872
2873
2874
2875
2876
2878
2877
2879
2870
2891
2892
2893
2894
2895
2896
2898
2897
2899
2890
2801
2802
2803
2804
2805
2806
2808
2807
2809
2800
2711
2712
2713
2714
2715
2716
2718
2717
2719
2710
2721
2722
2723
2724
2725
2726
2728
2727
2729
2720
2731
2732
2733
2734
2735
2736
2738
2737
2739
2730
2741
2742
2743
2744
2745
2746
2748
2747
2749
2740
2751
2752
2753
2754
2755
2756
2758
2757
2759
2750
2761
2762
2763
2764
2765
2766
2768
2767
2769
2760
2781
2782
2783
2784
2785
2786
2788
2787
2789
2780
2771
2772
2773
2774
2775
2776
2778
2777
2779
2770
2791
2792
2793
2794
2795
2796
2798
2797
2799
2790
2701
2702
2703
2704
2705
2706
2708
2707
2709
2700
2911
2912
2913
2914
2915
2916
2918
2917
2919
2910
2921
2922
2923
2924
2925
2926
2928
2927
2929
2920
2931
2932
2933
2934
2935
2936
2938
2937
2939
2930
2941
2942
2943
2944
2945
2946
2948
2947
2949
2940
2951
2952
2953
2954
2955
2956
2958
2957
2959
2950
2961
2962
2963
2964
2965
2966
2968
2967
2969
2960
2981
2982
2983
2984
2985
2986
2988
2987
2989
2980
2971
2972
2973
2974
2975
2976
2978
2977
2979
2970
2991
2992
2993
2994
2995
2996
2998
2997
2999
2990
2901
2902
2903
2904
2905
2906
2908
2907
2909
2900
2011
2012
2013
2014
2015
2016
2018
2017
2019
2010
2021
2022
2023
2024
2025
2026
2028
2027
2029
2020
2031
2032
2033
2034
2035
2036
2038
2037
2039
2030
2041
2042
2043
2044
2045
2046
2048
2047
2049
2040
2051
2052
2053
2054
2055
2056
2058
2057
2059
2050
2061
2062
2063
2064
2065
2066
2068
2067
2069
2060
2081
2082
2083
2084
2085
2086
2088
2087
2089
2080
2071
2072
2073
2074
2075
2076
2078
2077
2079
2070
2091
2092
2093
2094
2095
2096
2098
2097
2099
2090
2001
2002
2003
2004
2005
2006
2008
2007
2009
2000
3111
3112
3113
3114
3115
3116
3118
3117
3119
3110
3121
3122
3123
3124
3125
3126
3128
3127
3129
3120
3131
3132
3133
3134
3135
3136
3138
3137
3139
3130
3141
3142
3143
3144
3145
3146
3148
3147
3149
3140
3151
3152
3153
3154
3155
3156
3158
3157
3159
3150
3161
3162
3163
3164
3165
3166
3168
3167
3169
3160
3181
3182
3183
3184
3185
3186
3188
3187
3189
3180
3171
3172
3173
3174
3175
3176
3178
3177
3179
3170
3191
3192
3193
3194
3195
3196
3198
3197
3199
3190
3101
3102
3103
3104
3105
3106
3108
3107
3109
3100
3211
3212
3213
3214
3215
3216
3218
3217
3219
3210
3221
3222
3223
3224
3225
3226
3228
3227
3229
3220
3231
3232
3233
3234
3235
3236
3238
3237
3239
3230
3241
3242
3243
3244
3245
3246
3248
3247
3249
3240
3251
3252
3253
3254
3255
3256
3258
3257
3259
3250
3261
3262
3263
3264
3265
3266
3268
3267
3269
3260
3281
3282
3283
3284
3285
3286
3288
3287
3289
3280
3271
3272
3273
3274
3275
3276
3278
3277
3279
3270
3291
3292
3293
3294
3295
3296
3298
3297
3299
3290
3201
3202
3203
3204
3205
3206
3208
3207
3209
3200
3311
3312
3313
3314
3315
3316
3318
3317
3319
3310
3321
3322
3323
3324
3325
3326
3328
3327
3329
3320
3331
3332
3333
3334
3335
3336
3338
3337
3339
3330
3341
3342
3343
3344
3345
3346
3348
3347
3349
3340
3351
3352
3353
3354
3355
3356
3358
3357
3359
3350
3361
3362
3363
3364
3365
3366
3368
3367
3369
3360
3381
3382
3383
3384
3385
3386
3388
3387
3389
3380
3371
3372
3373
3374
3375
3376
3378
3377
3379
3370
3391
3392
3393
3394
3395
3396
3398
3397
3399
3390
3301
3302
3303
3304
3305
3306
3308
3307
3309
3300
3411
3412
3413
3414
3415
3416
3418
3417
3419
3410
3421
3422
3423
3424
3425
3426
3428
3427
3429
3420
3431
3432
3433
3434
3435
3436
3438
3437
3439
3430
3441
3442
3443
3444
3445
3446
3448
3447
3449
3440
3451
3452
3453
3454
3455
3456
3458
3457
3459
3450
3461
3462
3463
3464
3465
3466
3468
3467
3469
3460
3481
3482
3483
3484
3485
3486
3488
3487
3489
3480
3471
3472
3473
3474
3475
3476
3478
3477
3479
3470
3491
3492
3493
3494
3495
3496
3498
3497
3499
3490
3401
3402
3403
3404
3405
3406
3408
3407
3409
3400
3511
3512
3513
3514
3515
3516
3518
3517
3519
3510
3521
3522
3523
3524
3525
3526
3528
3527
3529
3520
3531
3532
3533
3534
3535
3536
3538
3537
3539
3530
3541
3542
3543
3544
3545
3546
3548
3547
3549
3540
3551
3552
3553
3554
3555
3556
3558
3557
3559
3550
3561
3562
3563
3564
3565
3566
3568
3567
3569
3560
3581
3582
3583
3584
3585
3586
3588
3587
3589
3580
3571
3572
3573
3574
3575
3576
3578
3577
3579
3570
3591
3592
3593
3594
3595
3596
3598
3597
3599
3590
3501
3502
3503
3504
3505
3506
3508
3507
3509
3500
3611
3612
3613
3614
3615
3616
3618
3617
3619
3610
3621
3622
3623
3624
3625
3626
3628
3627
3629
3620
3631
3632
3633
3634
3635
3636
3638
3637
3639
3630
3641
3642
3643
3644
3645
3646
3648
3647
3649
3640
3651
3652
3653
3654
3655
3656
3658
3657
3659
3650
3661
3662
3663
3664
3665
3666
3668
3667
3669
3660
3681
3682
3683
3684
3685
3686
3688
3687
3689
3680
3671
3672
3673
3674
3675
3676
3678
3677
3679
3670
3691
3692
3693
3694
3695
3696
3698
3697
3699
3690
3601
3602
3603
3604
3605
3606
3608
3607
3609
3600
3811
3812
3813
3814
3815
3816
3818
3817
3819
3810
3821
3822
3823
3824
3825
3826
3828
3827
3829
3820
3831
3832
3833
3834
3835
3836
3838
3837
3839
3830
3841
3842
3843
3844
3845
3846
3848
3847
3849
3840
3851
3852
3853
3854
3855
3856
3858
3857
3859
3850
3861
3862
3863
3864
3865
3866
3868
3867
3869
3860
3881
3882
3883
3884
3885
3886
3888
3887
3889
3880
3871
3872
3873
3874
3875
3876
3878
3877
3879
3870
3891
3892
3893
3894
3895
3896
3898
3897
3899
3890
3801
3802
3803
3804
3805
3806
3808
3807
3809
3800
3711
3712
3713
3714
3715
3716
3718
3717
3719
3710
3721
3722
3723
3724
3725
3726
3728
3727
3729
3720
3731
3732
3733
3734
3735
3736
3738
3737
3739
3730
3741
3742
3743
3744
3745
3746
3748
3747
3749
3740
3751
3752
3753
3754
3755
3756
3758
3757
3759
3750
3761
3762
3763
3764
3765
3766
3768
3767
3769
3760
3781
3782
3783
3784
3785
3786
3788
3787
3789
3780
3771
3772
3773
3774
3775
3776
3778
3777
3779
3770
3791
3792
3793
3794
3795
3796
3798
3797
3799
3790
3701
3702
3703
3704
3705
3706
3708
3707
3709
3700
3911
3912
3913
3914
3915
3916
3918
3917
3919
3910
3921
3922
3923
3924
3925
3926
3928
3927
3929
3920
3931
3932
3933
3934
3935
3936
3938
3937
3939
3930
3941
3942
3943
3944
3945
3946
3948
3947
3949
3940
3951
3952
3953
3954
3955
3956
3958
3957
3959
3950
3961
3962
3963
3964
3965
3966
3968
3967
3969
3960
3981
3982
3983
3984
3985
3986
3988
3987
3989
3980
3971
3972
3973
3974
3975
3976
3978
3977
3979
3970
3991
3992
3993
3994
3995
3996
3998
3997
3999
3990
3901
3902
3903
3904
3905
3906
3908
3907
3909
3900
3011
3012
3013
3014
3015
3016
3018
3017
3019
3010
3021
3022
3023
3024
3025
3026
3028
3027
3029
3020
3031
3032
3033
3034
3035
3036
3038
3037
3039
3030
3041
3042
3043
3044
3045
3046
3048
3047
3049
3040
3051
3052
3053
3054
3055
3056
3058
3057
3059
3050
3061
3062
3063
3064
3065
3066
3068
3067
3069
3060
3081
3082
3083
3084
3085
3086
3088
3087
3089
3080
3071
3072
3073
3074
3075
3076
3078
3077
3079
3070
3091
3092
3093
3094
3095
3096
3098
3097
3099
3090
3001
3002
3003
3004
3005
3006
3008
3007
3009
3000
4111
4112
4113
4114
4115
4116
4118
4117
4119
4110
4121
4122
4123
4124
4125
4126
4128
4127
4129
4120
4131
4132
4133
4134
4135
4136
4138
4137
4139
4130
4141
4142
4143
4144
4145
4146
4148
4147
4149
4140
4151
4152
4153
4154
4155
4156
4158
4157
4159
4150
4161
4162
4163
4164
4165
4166
4168
4167
4169
4160
4181
4182
4183
4184
4185
4186
4188
4187
4189
4180
4171
4172
4173
4174
4175
4176
4178
4177
4179
4170
4191
4192
4193
4194
4195
4196
4198
4197
4199
4190
4101
4102
4103
4104
4105
4106
4108
4107
4109
4100
4211
4212
4213
4214
4215
4216
4218
4217
4219
4210
4221
4222
4223
4224
4225
4226
4228
4227
4229
4220
4231
4232
4233
4234
4235
4236
4238
4237
4239
4230
4241
4242
4243
4244
4245
4246
4248
4247
4249
4240
4251
4252
4253
4254
4255
4256
4258
4257
4259
4250
4261
4262
4263
4264
4265
4266
4268
4267
4269
4260
4281
4282
4283
4284
4285
4286
4288
4287
4289
4280
4271
4272
4273
4274
4275
4276
4278
4277
4279
4270
4291
4292
4293
4294
4295
4296
4298
4297
4299
4290
4201
4202
4203
4204
4205
4206
4208
4207
4209
4200
4311
4312
4313
4314
4315
4316
4318
4317
4319
4310
4321
4322
4323
4324
4325
4326
4328
4327
4329
4320
4331
4332
4333
4334
4335
4336
4338
4337
4339
4330
4341
4342
4343
4344
4345
4346
4348
4347
4349
4340
4351
4352
4353
4354
4355
4356
4358
4357
4359
4350
4361
4362
4363
4364
4365
4366
4368
4367
4369
4360
4381
4382
4383
4384
4385
4386
4388
4387
4389
4380
4371
4372
4373
4374
4375
4376
4378
4377
4379
4370
4391
4392
4393
4394
4395
4396
4398
4397
4399
4390
4301
4302
4303
4304
4305
4306
4308
4307
4309
4300
4411
4412
4413
4414
4415
4416
4418
4417
4419
4410
4421
4422
4423
4424
4425
4426
4428
4427
4429
4420
4431
4432
4433
4434
4435
4436
4438
4437
4439
4430
4441
4442
4443
4444
4445
4446
4448
4447
4449
4440
4451
4452
4453
4454
4455
4456
4458
4457
4459
4450
4461
4462
4463
4464
4465
4466
4468
4467
4469
4460
4481
4482
4483
4484
4485
4486
4488
4487
4489
4480
4471
4472
4473
4474
4475
4476
4478
4477
4479
4470
4491
4492
4493
4494
4495
4496
4498
4497
4499
4490
4401
4402
4403
4404
4405
4406
4408
4407
4409
4400
4511
4512
4513
4514
4515
4516
4518
4517
4519
4510
4521
4522
4523
4524
4525
4526
4528
4527
4529
4520
4531
4532
4533
4534
4535
4536
4538
4537
4539
4530
4541
4542
4543
4544
4545
4546
4548
4547
4549
4540
4551
4552
4553
4554
4555
4556
4558
4557
4559
4550
4561
4562
4563
4564
4565
4566
4568
4567
4569
4560
4581
4582
4583
4584
4585
4586
4588
4587
4589
4580
4571
4572
4573
4574
4575
4576
4578
4577
4579
4570
4591
4592
4593
4594
4595
4596
4598
4597
4599
4590
4501
4502
4503
4504
4505
4506
4508
4507
4509
4500
4611
4612
4613
4614
4615
4616
4618
4617
4619
4610
4621
4622
4623
4624
4625
4626
4628
4627
4629
4620
4631
4632
4633
4634
4635
4636
4638
4637
4639
4630
4641
4642
4643
4644
4645
4646
4648
4647
4649
4640
4651
4652
4653
4654
4655
4656
4658
4657
4659
4650
4661
4662
4663
4664
4665
4666
4668
4667
4669
4660
4681
4682
4683
4684
4685
4686
4688
4687
4689
4680
4671
4672
4673
4674
4675
4676
4678
4677
4679
4670
4691
4692
4693
4694
4695
4696
4698
4697
4699
4690
4601
4602
4603
4604
4605
4606
4608
4607
4609
4600
4811
4812
4813
4814
4815
4816
4818
4817
4819
4810
4821
4822
4823
4824
4825
4826
4828
4827
4829
4820
4831
4832
4833
4834
4835
4836
4838
4837
4839
4830
4841
4842
4843
4844
4845
4846
4848
4847
4849
4840
4851
4852
4853
4854
4855
4856
4858
4857
4859
4850
4861
4862
4863
4864
4865
4866
4868
4867
4869
4860
4881
4882
4883
4884
4885
4886
4888
4887
4889
4880
4871
4872
4873
4874
4875
4876
4878
4877
4879
4870
4891
4892
4893
4894
4895
4896
4898
4897
4899
4890
4801
4802
4803
4804
4805
4806
4808
4807
4809
4800
4711
4712
4713
4714
4715
4716
4718
4717
4719
4710
4721
4722
4723
4724
4725
4726
4728
4727
4729
4720
4731
4732
4733
4734
4735
4736
4738
4737
4739
4730
4741
4742
4743
4744
4745
4746
4748
4747
4749
4740
4751
4752
4753
4754
4755
4756
4758
4757
4759
4750
4761
4762
4763
4764
4765
4766
4768
4767
4769
4760
4781
4782
4783
4784
4785
4786
4788
4787
4789
4780
4771
4772
4773
4774
4775
4776
4778
4777
4779
4770
4791
4792
4793
4794
4795
4796
4798
4797
4799
4790
4701
4702
4703
4704
4705
4706
4708
4707
4709
4700
4911
4912
4913
4914
4915
4916
4918
4917
4919
4910
4921
4922
4923
4924
4925
4926
4928
4927
4929
4920
4931
4932
4933
4934
4935
4936
4938
4937
4939
4930
4941
4942
4943
4944
4945
4946
4948
4947
4949
4940
4951
4952
4953
4954
4955
4956
4958
4957
4959
4950
4961
4962
4963
4964
4965
4966
4968
4967
4969
4960
4981
4982
4983
4984
4985
4986
4988
4987
4989
4980
4971
4972
4973
4974
4975
4976
4978
4977
4979
4970
4991
4992
4993
4994
4995
4996
4998
4997
4999
4990
4901
4902
4903
4904
4905
4906
4908
4907
4909
4900
4011
4012
4013
4014
4015
4016
4018
4017
4019
4010
4021
4022
4023
4024
4025
4026
4028
4027
4029
4020
4031
4032
4033
4034
4035
4036
4038
4037
4039
4030
4041
4042
4043
4044
4045
4046
4048
4047
4049
4040
4051
4052
4053
4054
4055
4056
4058
4057
4059
4050
4061
4062
4063
4064
4065
4066
4068
4067
4069
4060
4081
4082
4083
4084
4085
4086
4088
4087
4089
4080
4071
4072
4073
4074
4075
4076
4078
4077
4079
4070
4091
4092
4093
4094
4095
4096
4098
4097
4099
4090
4001
4002
4003
4004
4005
4006
4008
4007
4009
4000
5111
5112
5113
5114
5115
5116
5118
5117
5119
5110
5121
5122
5123
5124
5125
5126
5128
5127
5129
5120
5131
5132
5133
5134
5135
5136
5138
5137
5139
5130
5141
5142
5143
5144
5145
5146
5148
5147
5149
5140
5151
5152
5153
5154
5155
5156
5158
5157
5159
5150
5161
5162
5163
5164
5165
5166
5168
5167
5169
5160
5181
5182
5183
5184
5185
5186
5188
5187
5189
5180
5171
5172
5173
5174
5175
5176
5178
5177
5179
5170
5191
5192
5193
5194
5195
5196
5198
5197
5199
5190
5101
5102
5103
5104
5105
5106
5108
5107
5109
5100
5211
5212
5213
5214
5215
5216
5218
5217
5219
5210
5221
5222
5223
5224
5225
5226
5228
5227
5229
5220
5231
5232
5233
5234
5235
5236
5238
5237
5239
5230
5241
5242
5243
5244
5245
5246
5248
5247
5249
5240
5251
5252
5253
5254
5255
5256
5258
5257
5259
5250
5261
5262
5263
5264
5265
5266
5268
5267
5269
5260
5281
5282
5283
5284
5285
5286
5288
5287
5289
5280
5271
5272
5273
5274
5275
5276
5278
5277
5279
5270
5291
5292
5293
5294
5295
5296
5298
5297
5299
5290
5201
5202
5203
5204
5205
5206
5208
5207
5209
5200
5311
5312
5313
5314
5315
5316
5318
5317
5319
5310
5321
5322
5323
5324
5325
5326
5328
5327
5329
5320
5331
5332
5333
5334
5335
5336
5338
5337
5339
5330
5341
5342
5343
5344
5345
5346
5348
5347
5349
5340
5351
5352
5353
5354
5355
5356
5358
5357
5359
5350
5361
5362
5363
5364
5365
5366
5368
5367
5369
5360
5381
5382
5383
5384
5385
5386
5388
5387
5389
5380
5371
5372
5373
5374
5375
5376
5378
5377
5379
5370
5391
5392
5393
5394
5395
5396
5398
5397
5399
5390
5301
5302
5303
5304
5305
5306
5308
5307
5309
5300
5411
5412
5413
5414
5415
5416
5418
5417
5419
5410
5421
5422
5423
5424
5425
5426
5428
5427
5429
5420
5431
5432
5433
5434
5435
5436
5438
5437
5439
5430
5441
5442
5443
5444
5445
5446
5448
5447
5449
5440
5451
5452
5453
5454
5455
5456
5458
5457
5459
5450
5461
5462
5463
5464
5465
5466
5468
5467
5469
5460
5481
5482
5483
5484
5485
5486
5488
5487
5489
5480
5471
5472
5473
5474
5475
5476
5478
5477
5479
5470
5491
5492
5493
5494
5495
5496
5498
5497
5499
5490
5401
5402
5403
5404
5405
5406
5408
5407
5409
5400
5511
5512
5513
5514
5515
5516
5518
5517
5519
5510
5521
5522
5523
5524
5525
5526
5528
5527
5529
5520
5531
5532
5533
5534
5535
5536
5538
5537
5539
5530
5541
5542
5543
5544
5545
5546
5548
5547
5549
5540
5551
5552
5553
5554
5555
5556
5558
5557
5559
5550
5561
5562
5563
5564
5565
5566
5568
5567
5569
5560
5581
5582
5583
5584
5585
5586
5588
5587
5589
5580
5571
5572
5573
5574
5575
5576
5578
5577
5579
5570
5591
5592
5593
5594
5595
5596
5598
5597
5599
5590
5501
5502
5503
5504
5505
5506
5508
5507
5509
5500
5611
5612
5613
5614
5615
5616
5618
5617
5619
5610
5621
5622
5623
5624
5625
5626
5628
5627
5629
5620
5631
5632
5633
5634
5635
5636
5638
5637
5639
5630
5641
5642
5643
5644
5645
5646
5648
5647
5649
5640
5651
5652
5653
5654
5655
5656
5658
5657
5659
5650
5661
5662
5663
5664
5665
5666
5668
5667
5669
5660
5681
5682
5683
5684
5685
5686
5688
5687
5689
5680
5671
5672
5673
5674
5675
5676
5678
5677
5679
5670
5691
5692
5693
5694
5695
5696
5698
5697
5699
5690
5601
5602
5603
5604
5605
5606
5608
5607
5609
5600
5811
5812
5813
5814
5815
5816
5818
5817
5819
5810
5821
5822
5823
5824
5825
5826
5828
5827
5829
5820
5831
5832
5833
5834
5835
5836
5838
5837
5839
5830
5841
5842
5843
5844
5845
5846
5848
5847
5849
5840
5851
5852
5853
5854
5855
5856
5858
5857
5859
5850
5861
5862
5863
5864
5865
5866
5868
5867
5869
5860
5881
5882
5883
5884
5885
5886
5888
5887
5889
5880
5871
5872
5873
5874
5875
5876
5878
5877
5879
5870
5891
5892
5893
5894
5895
5896
5898
5897
5899
5890
5801
5802
5803
5804
5805
5806
5808
5807
5809
5800
5711
5712
5713
5714
5715
5716
5718
5717
5719
5710
5721
5722
5723
5724
5725
5726
5728
5727
5729
5720
5731
5732
5733
5734
5735
5736
5738
5737
5739
5730
5741
5742
5743
5744
5745
5746
5748
5747
5749
5740
5751
5752
5753
5754
5755
5756
5758
5757
5759
5750
5761
5762
5763
5764
5765
5766
5768
5767
5769
5760
5781
5782
5783
5784
5785
5786
5788
5787
5789
5780
5771
5772
5773
5774
5775
5776
5778
5777
5779
5770
5791
5792
5793
5794
5795
5796
5798
5797
5799
5790
5701
5702
5703
5704
5705
5706
5708
5707
5709
5700
5911
5912
5913
5914
5915
5916
5918
5917
5919
5910
5921
5922
5923
5924
5925
5926
5928
5927
5929
5920
5931
5932
5933
5934
5935
5936
5938
5937
5939
5930
5941
5942
5943
5944
5945
5946
5948
5947
5949
5940
5951
5952
5953
5954
5955
5956
5958
5957
5959
5950
5961
5962
5963
5964
5965
5966
5968
5967
5969
5960
5981
5982
5983
5984
5985
5986
5988
5987
5989
5980
5971
5972
5973
5974
5975
5976
5978
5977
5979
5970
5991
5992
5993
5994
5995
5996
5998
5997
5999
5990
5901
5902
5903
5904
5905
5906
5908
5907
5909
5900
5011
5012
5013
5014
5015
5016
5018
5017
5019
5010
5021
5022
5023
5024
5025
5026
5028
5027
5029
5020
5031
5032
5033
5034
5035
5036
5038
5037
5039
5030
5041
5042
5043
5044
5045
5046
5048
5047
5049
5040
5051
5052
5053
5054
5055
5056
5058
5057
5059
5050
5061
5062
5063
5064
5065
5066
5068
5067
5069
5060
5081
5082
5083
5084
5085
5086
5088
5087
5089
5080
5071
5072
5073
5074
5075
5076
5078
5077
5079
5070
5091
5092
5093
5094
5095
5096
5098
5097
5099
5090
5001
5002
5003
5004
5005
5006
5008
5007
5009
5000
6111
6112
6113
6114
6115
6116
6118
6117
6119
6110
6121
6122
6123
6124
6125
6126
6128
6127
6129
6120
6131
6132
6133
6134
6135
6136
6138
6137
6139
6130
6141
6142
6143
6144
6145
6146
6148
6147
6149
6140
6151
6152
6153
6154
6155
6156
6158
6157
6159
6150
6161
6162
6163
6164
6165
6166
6168
6167
6169
6160
6181
6182
6183
6184
6185
6186
6188
6187
6189
6180
6171
6172
6173
6174
6175
6176
6178
6177
6179
6170
6191
6192
6193
6194
6195
6196
6198
6197
6199
6190
6101
6102
6103
6104
6105
6106
6108
6107
6109
6100
6211
6212
6213
6214
6215
6216
6218
6217
6219
6210
6221
6222
6223
6224
6225
6226
6228
6227
6229
6220
6231
6232
6233
6234
6235
6236
6238
6237
6239
6230
6241
6242
6243
6244
6245
6246
6248
6247
6249
6240
6251
6252
6253
6254
6255
6256
6258
6257
6259
6250
6261
6262
6263
6264
6265
6266
6268
6267
6269
6260
6281
6282
6283
6284
6285
6286
6288
6287
6289
6280
6271
6272
6273
6274
6275
6276
6278
6277
6279
6270
6291
6292
6293
6294
6295
6296
6298
6297
6299
6290
6201
6202
6203
6204
6205
6206
6208
6207
6209
6200
6311
6312
6313
6314
6315
6316
6318
6317
6319
6310
6321
6322
6323
6324
6325
6326
6328
6327
6329
6320
6331
6332
6333
6334
6335
6336
6338
6337
6339
6330
6341
6342
6343
6344
6345
6346
6348
6347
6349
6340
6351
6352
6353
6354
6355
6356
6358
6357
6359
6350
6361
6362
6363
6364
6365
6366
6368
6367
6369
6360
6381
6382
6383
6384
6385
6386
6388
6387
6389
6380
6371
6372
6373
6374
6375
6376
6378
6377
6379
6370
6391
6392
6393
6394
6395
6396
6398
6397
6399
6390
6301
6302
6303
6304
6305
6306
6308
6307
6309
6300
6411
6412
6413
6414
6415
6416
6418
6417
6419
6410
6421
6422
6423
6424
6425
6426
6428
6427
6429
6420
6431
6432
6433
6434
6435
6436
6438
6437
6439
6430
6441
6442
6443
6444
6445
6446
6448
6447
6449
6440
6451
6452
6453
6454
6455
6456
6458
6457
6459
6450
6461
6462
6463
6464
6465
6466
6468
6467
6469
6460
6481
6482
6483
6484
6485
6486
6488
6487
6489
6480
6471
6472
6473
6474
6475
6476
6478
6477
6479
6470
6491
6492
6493
6494
6495
6496
6498
6497
6499
6490
6401
6402
6403
6404
6405
6406
6408
6407
6409
6400
6511
6512
6513
6514
6515
6516
6518
6517
6519
6510
6521
6522
6523
6524
6525
6526
6528
6527
6529
6520
6531
6532
6533
6534
6535
6536
6538
6537
6539
6530
6541
6542
6543
6544
6545
6546
6548
6547
6549
6540
6551
6552
6553
6554
6555
6556
6558
6557
6559
6550
6561
6562
6563
6564
6565
6566
6568
6567
6569
6560
6581
6582
6583
6584
6585
6586
6588
6587
6589
6580
6571
6572
6573
6574
6575
6576
6578
6577
6579
6570
6591
6592
6593
6594
6595
6596
6598
6597
6599
6590
6501
6502
6503
6504
6505
6506
6508
6507
6509
6500
6611
6612
6613
6614
6615
6616
6618
6617
6619
6610
6621
6622
6623
6624
6625
6626
6628
6627
6629
6620
6631
6632
6633
6634
6635
6636
6638
6637
6639
6630
6641
6642
6643
6644
6645
6646
6648
6647
6649
6640
6651
6652
6653
6654
6655
6656
6658
6657
6659
6650
6661
6662
6663
6664
6665
6666
6668
6667
6669
6660
6681
6682
6683
6684
6685
6686
6688
6687
6689
6680
6671
6672
6673
6674
6675
6676
6678
6677
6679
6670
6691
6692
6693
6694
6695
6696
6698
6697
6699
6690
6601
6602
6603
6604
6605
6606
6608
6607
6609
6600
6811
6812
6813
6814
6815
6816
6818
6817
6819
6810
6821
6822
6823
6824
6825
6826
6828
6827
6829
6820
6831
6832
6833
6834
6835
6836
6838
6837
6839
6830
6841
6842
6843
6844
6845
6846
6848
6847
6849
6840
6851
6852
6853
6854
6855
6856
6858
6857
6859
6850
6861
6862
6863
6864
6865
6866
6868
6867
6869
6860
6881
6882
6883
6884
6885
6886
6888
6887
6889
6880
6871
6872
6873
6874
6875
6876
6878
6877
6879
6870
6891
6892
6893
6894
6895
6896
6898
6897
6899
6890
6801
6802
6803
6804
6805
6806
6808
6807
6809
6800
6711
6712
6713
6714
6715
6716
6718
6717
6719
6710
6721
6722
6723
6724
6725
6726
6728
6727
6729
6720
6731
6732
6733
6734
6735
6736
6738
6737
6739
6730
6741
6742
6743
6744
6745
6746
6748
6747
6749
6740
6751
6752
6753
6754
6755
6756
6758
6757
6759
6750
6761
6762
6763
6764
6765
6766
6768
6767
6769
6760
6781
6782
6783
6784
6785
6786
6788
6787
6789
6780
6771
6772
6773
6774
6775
6776
6778
6777
6779
6770
6791
6792
6793
6794
6795
6796
6798
6797
6799
6790
6701
6702
6703
6704
6705
6706
6708
6707
6709
6700
6911
6912
6913
6914
6915
6916
6918
6917
6919
6910
6921
6922
6923
6924
6925
6926
6928
6927
6929
6920
6931
6932
6933
6934
6935
6936
6938
6937
6939
6930
6941
6942
6943
6944
6945
6946
6948
6947
6949
6940
6951
6952
6953
6954
6955
6956
6958
6957
6959
6950
6961
6962
6963
6964
6965
6966
6968
6967
6969
6960
6981
6982
6983
6984
6985
6986
6988
6987
6989
6980
6971
6972
6973
6974
6975
6976
6978
6977
6979
6970
6991
6992
6993
6994
6995
6996
6998
6997
6999
6990
6901
6902
6903
6904
6905
6906
6908
6907
6909
6900
6011
6012
6013
6014
6015
6016
6018
6017
6019
6010
6021
6022
6023
6024
6025
6026
6028
6027
6029
6020
6031
6032
6033
6034
6035
6036
6038
6037
6039
6030
6041
6042
6043
6044
6045
6046
6048
6047
6049
6040
6051
6052
6053
6054
6055
6056
6058
6057
6059
6050
6061
6062
6063
6064
6065
6066
6068
6067
6069
6060
6081
6082
6083
6084
6085
6086
6088
6087
6089
6080
6071
6072
6073
6074
6075
6076
6078
6077
6079
6070
6091
6092
6093
6094
6095
6096
6098
6097
6099
6090
6001
6002
6003
6004
6005
6006
6008
6007
6009
6000
8111
8112
8113
8114
8115
8116
8118
8117
8119
8110
8121
8122
8123
8124
8125
8126
8128
8127
8129
8120
8131
8132
8133
8134
8135
8136
8138
8137
8139
8130
8141
8142
8143
8144
8145
8146
8148
8147
8149
8140
8151
8152
8153
8154
8155
8156
8158
8157
8159
8150
8161
8162
8163
8164
8165
8166
8168
8167
8169
8160
8181
8182
8183
8184
8185
8186
8188
8187
8189
8180
8171
8172
8173
8174
8175
8176
8178
8177
8179
8170
8191
8192
8193
8194
8195
8196
8198
8197
8199
8190
8101
8102
8103
8104
8105
8106
8108
8107
8109
8100
8211
8212
8213
8214
8215
8216
8218
8217
8219
8210
8221
8222
8223
8224
8225
8226
8228
8227
8229
8220
8231
8232
8233
8234
8235
8236
8238
8237
8239
8230
8241
8242
8243
8244
8245
8246
8248
8247
8249
8240
8251
8252
8253
8254
8255
8256
8258
8257
8259
8250
8261
8262
8263
8264
8265
8266
8268
8267
8269
8260
8281
8282
8283
8284
8285
8286
8288
8287
8289
8280
8271
8272
8273
8274
8275
8276
8278
8277
8279
8270
8291
8292
8293
8294
8295
8296
8298
8297
8299
8290
8201
8202
8203
8204
8205
8206
8208
8207
8209
8200
8311
8312
8313
8314
8315
8316
8318
8317
8319
8310
8321
8322
8323
8324
8325
8326
8328
8327
8329
8320
8331
8332
8333
8334
8335
8336
8338
8337
8339
8330
8341
8342
8343
8344
8345
8346
8348
8347
8349
8340
8351
8352
8353
8354
8355
8356
8358
8357
8359
8350
8361
8362
8363
8364
8365
8366
8368
8367
8369
8360
8381
8382
8383
8384
8385
8386
8388
8387
8389
8380
8371
8372
8373
8374
8375
8376
8378
8377
8379
8370
8391
8392
8393
8394
8395
8396
8398
8397
8399
8390
8301
8302
8303
8304
8305
8306
8308
8307
8309
8300
8411
8412
8413
8414
8415
8416
8418
8417
8419
8410
8421
8422
8423
8424
8425
8426
8428
8427
8429
8420
8431
8432
8433
8434
8435
8436
8438
8437
8439
8430
8441
8442
8443
8444
8445
8446
8448
8447
8449
8440
8451
8452
8453
8454
8455
8456
8458
8457
8459
8450
8461
8462
8463
8464
8465
8466
8468
8467
8469
8460
8481
8482
8483
8484
8485
8486
8488
8487
8489
8480
8471
8472
8473
8474
8475
8476
8478
8477
8479
8470
8491
8492
8493
8494
8495
8496
8498
8497
8499
8490
8401
8402
8403
8404
8405
8406
8408
8407
8409
8400
8511
8512
8513
8514
8515
8516
8518
8517
8519
8510
8521
8522
8523
8524
8525
8526
8528
8527
8529
8520
8531
8532
8533
8534
8535
8536
8538
8537
8539
8530
8541
8542
8543
8544
8545
8546
8548
8547
8549
8540
8551
8552
8553
8554
8555
8556
8558
8557
8559
8550
8561
8562
8563
8564
8565
8566
8568
8567
8569
8560
8581
8582
8583
8584
8585
8586
8588
8587
8589
8580
8571
8572
8573
8574
8575
8576
8578
8577
8579
8570
8591
8592
8593
8594
8595
8596
8598
8597
8599
8590
8501
8502
8503
8504
8505
8506
8508
8507
8509
8500
8611
8612
8613
8614
8615
8616
8618
8617
8619
8610
8621
8622
8623
8624
8625
8626
8628
8627
8629
8620
8631
8632
8633
8634
8635
8636
8638
8637
8639
8630
8641
8642
8643
8644
8645
8646
8648
8647
8649
8640
8651
8652
8653
8654
8655
8656
8658
8657
8659
8650
8661
8662
8663
8664
8665
8666
8668
8667
8669
8660
8681
8682
8683
8684
8685
8686
8688
8687
8689
8680
8671
8672
8673
8674
8675
8676
8678
8677
8679
8670
8691
8692
8693
8694
8695
8696
8698
8697
8699
8690
8601
8602
8603
8604
8605
8606
8608
8607
8609
8600
8811
8812
8813
8814
8815
8816
8818
8817
8819
8810
8821
8822
8823
8824
8825
8826
8828
8827
8829
8820
8831
8832
8833
8834
8835
8836
8838
8837
8839
8830
8841
8842
8843
8844
8845
8846
8848
8847
8849
8840
8851
8852
8853
8854
8855
8856
8858
8857
8859
8850
8861
8862
8863
8864
8865
8866
8868
8867
8869
8860
8881
8882
8883
8884
8885
8886
8888
8887
8889
8880
8871
8872
8873
8874
8875
8876
8878
8877
8879
8870
8891
8892
8893
8894
8895
8896
8898
8897
8899
8890
8801
8802
8803
8804
8805
8806
8808
8807
8809
8800
8711
8712
8713
8714
8715
8716
8718
8717
8719
8710
8721
8722
8723
8724
8725
8726
8728
8727
8729
8720
8731
8732
8733
8734
8735
8736
8738
8737
8739
8730
8741
8742
8743
8744
8745
8746
8748
8747
8749
8740
8751
8752
8753
8754
8755
8756
8758
8757
8759
8750
8761
8762
8763
8764
8765
8766
8768
8767
8769
8760
8781
8782
8783
8784
8785
8786
8788
8787
8789
8780
8771
8772
8773
8774
8775
8776
8778
8777
8779
8770
8791
8792
8793
8794
8795
8796
8798
8797
8799
8790
8701
8702
8703
8704
8705
8706
8708
8707
8709
8700
8911
8912
8913
8914
8915
8916
8918
8917
8919
8910
8921
8922
8923
8924
8925
8926
8928
8927
8929
8920
8931
8932
8933
8934
8935
8936
8938
8937
8939
8930
8941
8942
8943
8944
8945
8946
8948
8947
8949
8940
8951
8952
8953
8954
8955
8956
8958
8957
8959
8950
8961
8962
8963
8964
8965
8966
8968
8967
8969
8960
8981
8982
8983
8984
8985
8986
8988
8987
8989
8980
8971
8972
8973
8974
8975
8976
8978
8977
8979
8970
8991
8992
8993
8994
8995
8996
8998
8997
8999
8990
8901
8902
8903
8904
8905
8906
8908
8907
8909
8900
8011
8012
8013
8014
8015
8016
8018
8017
8019
8010
8021
8022
8023
8024
8025
8026
8028
8027
8029
8020
8031
8032
8033
8034
8035
8036
8038
8037
8039
8030
8041
8042
8043
8044
8045
8046
8048
8047
8049
8040
8051
8052
8053
8054
8055
8056
8058
8057
8059
8050
8061
8062
8063
8064
8065
8066
8068
8067
8069
8060
8081
8082
8083
8084
8085
8086
8088
8087
8089
8080
8071
8072
8073
8074
8075
8076
8078
8077
8079
8070
8091
8092
8093
8094
8095
8096
8098
8097
8099
8090
8001
8002
8003
8004
8005
8006
8008
8007
8009
8000
7111
7112
7113
7114
7115
7116
7118
7117
7119
7110
7121
7122
7123
7124
7125
7126
7128
7127
7129
7120
7131
7132
7133
7134
7135
7136
7138
7137
7139
7130
7141
7142
7143
7144
7145
7146
7148
7147
7149
7140
7151
7152
7153
7154
7155
7156
7158
7157
7159
7150
7161
7162
7163
7164
7165
7166
7168
7167
7169
7160
7181
7182
7183
7184
7185
7186
7188
7187
7189
7180
7171
7172
7173
7174
7175
7176
7178
7177
7179
7170
7191
7192
7193
7194
7195
7196
7198
7197
7199
7190
7101
7102
7103
7104
7105
7106
7108
7107
7109
7100
7211
7212
7213
7214
7215
7216
7218
7217
7219
7210
7221
7222
7223
7224
7225
7226
7228
7227
7229
7220
7231
7232
7233
7234
7235
7236
7238
7237
7239
7230
7241
7242
7243
7244
7245
7246
7248
7247
7249
7240
7251
7252
7253
7254
7255
7256
7258
7257
7259
7250
7261
7262
7263
7264
7265
7266
7268
7267
7269
7260
7281
7282
7283
7284
7285
7286
7288
7287
7289
7280
7271
7272
7273
7274
7275
7276
7278
7277
7279
7270
7291
7292
7293
7294
7295
7296
7298
7297
7299
7290
7201
7202
7203
7204
7205
7206
7208
7207
7209
7200
7311
7312
7313
7314
7315
7316
7318
7317
7319
7310
7321
7322
7323
7324
7325
7326
7328
7327
7329
7320
7331
7332
7333
7334
7335
7336
7338
7337
7339
7330
7341
7342
7343
7344
7345
7346
7348
7347
7349
7340
7351
7352
7353
7354
7355
7356
7358
7357
7359
7350
7361
7362
7363
7364
7365
7366
7368
7367
7369
7360
7381
7382
7383
7384
7385
7386
7388
7387
7389
7380
7371
7372
7373
7374
7375
7376
7378
7377
7379
7370
7391
7392
7393
7394
7395
7396
7398
7397
7399
7390
7301
7302
7303
7304
7305
7306
7308
7307
7309
7300
7411
7412
7413
7414
7415
7416
7418
7417
7419
7410
7421
7422
7423
7424
7425
7426
7428
7427
7429
7420
7431
7432
7433
7434
7435
7436
7438
7437
7439
7430
7441
7442
7443
7444
7445
7446
7448
7447
7449
7440
7451
7452
7453
7454
7455
7456
7458
7457
7459
7450
7461
7462
7463
7464
7465
7466
7468
7467
7469
7460
7481
7482
7483
7484
7485
7486
7488
7487
7489
7480
7471
7472
7473
7474
7475
7476
7478
7477
7479
7470
7491
7492
7493
7494
7495
7496
7498
7497
7499
7490
7401
7402
7403
7404
7405
7406
7408
7407
7409
7400
7511
7512
7513
7514
7515
7516
7518
7517
7519
7510
7521
7522
7523
7524
7525
7526
7528
7527
7529
7520
7531
7532
7533
7534
7535
7536
7538
7537
7539
7530
7541
7542
7543
7544
7545
7546
7548
7547
7549
7540
7551
7552
7553
7554
7555
7556
7558
7557
7559
7550
7561
7562
7563
7564
7565
7566
7568
7567
7569
7560
7581
7582
7583
7584
7585
7586
7588
7587
7589
7580
7571
7572
7573
7574
7575
7576
7578
7577
7579
7570
7591
7592
7593
7594
7595
7596
7598
7597
7599
7590
7501
7502
7503
7504
7505
7506
7508
7507
7509
7500
7611
7612
7613
7614
7615
7616
7618
7617
7619
7610
7621
7622
7623
7624
7625
7626
7628
7627
7629
7620
7631
7632
7633
7634
7635
7636
7638
7637
7639
7630
7641
7642
7643
7644
7645
7646
7648
7647
7649
7640
7651
7652
7653
7654
7655
7656
7658
7657
7659
7650
7661
7662
7663
7664
7665
7666
7668
7667
7669
7660
7681
7682
7683
7684
7685
7686
7688
7687
7689
7680
7671
7672
7673
7674
7675
7676
7678
7677
7679
7670
7691
7692
7693
7694
7695
7696
7698
7697
7699
7690
7601
7602
7603
7604
7605
7606
7608
7607
7609
7600
7811
7812
7813
7814
7815
7816
7818
7817
7819
7810
7821
7822
7823
7824
7825
7826
7828
7827
7829
7820
7831
7832
7833
7834
7835
7836
7838
7837
7839
7830
7841
7842
7843
7844
7845
7846
7848
7847
7849
7840
7851
7852
7853
7854
7855
7856
7858
7857
7859
7850
7861
7862
7863
7864
7865
7866
7868
7867
7869
7860
7881
7882
7883
7884
7885
7886
7888
7887
7889
7880
7871
7872
7873
7874
7875
7876
7878
7877
7879
7870
7891
7892
7893
7894
7895
7896
7898
7897
7899
7890
7801
7802
7803
7804
7805
7806
7808
7807
7809
7800
7711
7712
7713
7714
7715
7716
7718
7717
7719
7710
7721
7722
7723
7724
7725
7726
7728
7727
7729
7720
7731
7732
7733
7734
7735
7736
7738
7737
7739
7730
7741
7742
7743
7744
7745
7746
7748
7747
7749
7740
7751
7752
7753
7754
7755
7756
7758
7757
7759
7750
7761
7762
7763
7764
7765
7766
7768
7767
7769
7760
7781
7782
7783
7784
7785
7786
7788
7787
7789
7780
7771
7772
7773
7774
7775
7776
7778
7777
7779
7770
7791
7792
7793
7794
7795
7796
7798
7797
7799
7790
7701
7702
7703
7704
7705
7706
7708
7707
7709
7700
7911
7912
7913
7914
7915
7916
7918
7917
7919
7910
7921
7922
7923
7924
7925
7926
7928
7927
7929
7920
7931
7932
7933
7934
7935
7936
7938
7937
7939
7930
7941
7942
7943
7944
7945
7946
7948
7947
7949
7940
7951
7952
7953
7954
7955
7956
7958
7957
7959
7950
7961
7962
7963
7964
7965
7966
7968
7967
7969
7960
7981
7982
7983
7984
7985
7986
7988
7987
7989
7980
7971
7972
7973
7974
7975
7976
7978
7977
7979
7970
7991
7992
7993
7994
7995
7996
7998
7997
7999
7990
7901
7902
7903
7904
7905
7906
7908
7907
7909
7900
7011
7012
7013
7014
7015
7016
7018
7017
7019
7010
7021
7022
7023
7024
7025
7026
7028
7027
7029
7020
7031
7032
7033
7034
7035
7036
7038
7037
7039
7030
7041
7042
7043
7044
7045
7046
7048
7047
7049
7040
7051
7052
7053
7054
7055
7056
7058
7057
7059
7050
7061
7062
7063
7064
7065
7066
7068
7067
7069
7060
7081
7082
7083
7084
7085
7086
7088
7087
7089
7080
7071
7072
7073
7074
7075
7076
7078
7077
7079
7070
7091
7092
7093
7094
7095
7096
7098
7097
7099
7090
7001
7002
7003
7004
7005
7006
7008
7007
7009
7000
9111
9112
9113
9114
9115
9116
9118
9117
9119
9110
9121
9122
9123
9124
9125
9126
9128
9127
9129
9120
9131
9132
9133
9134
9135
9136
9138
9137
9139
9130
9141
9142
9143
9144
9145
9146
9148
9147
9149
9140
9151
9152
9153
9154
9155
9156
9158
9157
9159
9150
9161
9162
9163
9164
9165
9166
9168
9167
9169
9160
9181
9182
9183
9184
9185
9186
9188
9187
9189
9180
9171
9172
9173
9174
9175
9176
9178
9177
9179
9170
9191
9192
9193
9194
9195
9196
9198
9197
9199
9190
9101
9102
9103
9104
9105
9106
9108
9107
9109
9100
9211
9212
9213
9214
9215
9216
9218
9217
9219
9210
9221
9222
9223
9224
9225
9226
9228
9227
9229
9220
9231
9232
9233
9234
9235
9236
9238
9237
9239
9230
9241
9242
9243
9244
9245
9246
9248
9247
9249
9240
9251
9252
9253
9254
9255
9256
9258
9257
9259
9250
9261
9262
9263
9264
9265
9266
9268
9267
9269
9260
9281
9282
9283
9284
9285
9286
9288
9287
9289
9280
9271
9272
9273
9274
9275
9276
9278
9277
9279
9270
9291
9292
9293
9294
9295
9296
9298
9297
9299
9290
9201
9202
9203
9204
9205
9206
9208
9207
9209
9200
9311
9312
9313
9314
9315
9316
9318
9317
9319
9310
9321
9322
9323
9324
9325
9326
9328
9327
9329
9320
9331
9332
9333
9334
9335
9336
9338
9337
9339
9330
9341
9342
9343
9344
9345
9346
9348
9347
9349
9340
9351
9352
9353
9354
9355
9356
9358
9357
9359
9350
9361
9362
9363
9364
9365
9366
9368
9367
9369
9360
9381
9382
9383
9384
9385
9386
9388
9387
9389
9380
9371
9372
9373
9374
9375
9376
9378
9377
9379
9370
9391
9392
9393
9394
9395
9396
9398
9397
9399
9390
9301
9302
9303
9304
9305
9306
9308
9307
9309
9300
9411
9412
9413
9414
9415
9416
9418
9417
9419
9410
9421
9422
9423
9424
9425
9426
9428
9427
9429
9420
9431
9432
9433
9434
9435
9436
9438
9437
9439
9430
9441
9442
9443
9444
9445
9446
9448
9447
9449
9440
9451
9452
9453
9454
9455
9456
9458
9457
9459
9450
9461
9462
9463
9464
9465
9466
9468
9467
9469
9460
9481
9482
9483
9484
9485
9486
9488
9487
9489
9480
9471
9472
9473
9474
9475
9476
9478
9477
9479
9470
9491
9492
9493
9494
9495
9496
9498
9497
9499
9490
9401
9402
9403
9404
9405
9406
9408
9407
9409
9400
9511
9512
9513
9514
9515
9516
9518
9517
9519
9510
9521
9522
9523
9524
9525
9526
9528
9527
9529
9520
9531
9532
9533
9534
9535
9536
9538
9537
9539
9530
9541
9542
9543
9544
9545
9546
9548
9547
9549
9540
9551
9552
9553
9554
9555
9556
9558
9557
9559
9550
9561
9562
9563
9564
9565
9566
9568
9567
9569
9560
9581
9582
9583
9584
9585
9586
9588
9587
9589
9580
9571
9572
9573
9574
9575
9576
9578
9577
9579
9570
9591
9592
9593
9594
9595
9596
9598
9597
9599
9590
9501
9502
9503
9504
9505
9506
9508
9507
9509
9500
9611
9612
9613
9614
9615
9616
9618
9617
9619
9610
9621
9622
9623
9624
9625
9626
9628
9627
9629
9620
9631
9632
9633
9634
9635
9636
9638
9637
9639
9630
9641
9642
9643
9644
9645
9646
9648
9647
9649
9640
9651
9652
9653
9654
9655
9656
9658
9657
9659
9650
9661
9662
9663
9664
9665
9666
9668
9667
9669
9660
9681
9682
9683
9684
9685
9686
9688
9687
9689
9680
9671
9672
9673
9674
9675
9676
9678
9677
9679
9670
9691
9692
9693
9694
9695
9696
9698
9697
9699
9690
9601
9602
9603
9604
9605
9606
9608
9607
9609
9600
9811
9812
9813
9814
9815
9816
9818
9817
9819
9810
9821
9822
9823
9824
9825
9826
9828
9827
9829
9820
9831
9832
9833
9834
9835
9836
9838
9837
9839
9830
9841
9842
9843
9844
9845
9846
9848
9847
9849
9840
9851
9852
9853
9854
9855
9856
9858
9857
9859
9850
9861
9862
9863
9864
9865
9866
9868
9867
9869
9860
9881
9882
9883
9884
9885
9886
9888
9887
9889
9880
9871
9872
9873
9874
9875
9876
9878
9877
9879
9870
9891
9892
9893
9894
9895
9896
9898
9897
9899
9890
9801
9802
9803
9804
9805
9806
9808
9807
9809
9800
9711
9712
9713
9714
9715
9716
9718
9717
9719
9710
9721
9722
9723
9724
9725
9726
9728
9727
9729
9720
9731
9732
9733
9734
9735
9736
9738
9737
9739
9730
9741
9742
9743
9744
9745
9746
9748
9747
9749
9740
9751
9752
9753
9754
9755
9756
9758
9757
9759
9750
9761
9762
9763
9764
9765
9766
9768
9767
9769
9760
9781
9782
9783
9784
9785
9786
9788
9787
9789
9780
9771
9772
9773
9774
9775
9776
9778
9777
9779
9770
9791
9792
9793
9794
9795
9796
9798
9797
9799
9790
9701
9702
9703
9704
9705
9706
9708
9707
9709
9700
9911
9912
9913
9914
9915
9916
9918
9917
9919
9910
9921
9922
9923
9924
9925
9926
9928
9927
9929
9920
9931
9932
9933
9934
9935
9936
9938
9937
9939
9930
9941
9942
9943
9944
9945
9946
9948
9947
9949
9940
9951
9952
9953
9954
9955
9956
9958
9957
9959
9950
9961
9962
9963
9964
9965
9966
9968
9967
9969
9960
9981
9982
9983
9984
9985
9986
9988
9987
9989
9980
9971
9972
9973
9974
9975
9976
9978
9977
9979
9970
9991
9992
9993
9994
9995
9996
9998
9997
9999
9990
9901
9902
9903
9904
9905
9906
9908
9907
9909
9900
9011
9012
9013
9014
9015
9016
9018
9017
9019
9010
9021
9022
9023
9024
9025
9026
9028
9027
9029
9020
9031
9032
9033
9034
9035
9036
9038
9037
9039
9030
9041
9042
9043
9044
9045
9046
9048
9047
9049
9040
9051
9052
9053
9054
9055
9056
9058
9057
9059
9050
9061
9062
9063
9064
9065
9066
9068
9067
9069
9060
9081
9082
9083
9084
9085
9086
9088
9087
9089
9080
9071
9072
9073
9074
9075
9076
9078
9077
9079
9070
9091
9092
9093
9094
9095
9096
9098
9097
9099
9090
9001
9002
9003
9004
9005
9006
9008
9007
9009
9000
0111
0112
0113
0114
0115
0116
0118
0117
0119
0110
0121
0122
0123
0124
0125
0126
0128
0127
0129
0120
0131
0132
0133
0134
0135
0136
0138
0137
0139
0130
0141
0142
0143
0144
0145
0146
0148
0147
0149
0140
0151
0152
0153
0154
0155
0156
0158
0157
0159
0150
0161
0162
0163
0164
0165
0166
0168
0167
0169
0160
0181
0182
0183
0184
0185
0186
0188
0187
0189
0180
0171
0172
0173
0174
0175
0176
0178
0177
0179
0170
0191
0192
0193
0194
0195
0196
0198
0197
0199
0190
0101
0102
0103
0104
0105
0106
0108
0107
0109
0100
0211
0212
0213
0214
0215
0216
0218
0217
0219
0210
0221
0222
0223
0224
0225
0226
0228
0227
0229
0220
0231
0232
0233
0234
0235
0236
0238
0237
0239
0230
0241
0242
0243
0244
0245
0246
0248
0247
0249
0240
0251
0252
0253
0254
0255
0256
0258
0257
0259
0250
0261
0262
0263
0264
0265
0266
0268
0267
0269
0260
0281
0282
0283
0284
0285
0286
0288
0287
0289
0280
0271
0272
0273
0274
0275
0276
0278
0277
0279
0270
0291
0292
0293
0294
0295
0296
0298
0297
0299
0290
0201
0202
0203
0204
0205
0206
0208
0207
0209
0200
0311
0312
0313
0314
0315
0316
0318
0317
0319
0310
0321
0322
0323
0324
0325
0326
0328
0327
0329
0320
0331
0332
0333
0334
0335
0336
0338
0337
0339
0330
0341
0342
0343
0344
0345
0346
0348
0347
0349
0340
0351
0352
0353
0354
0355
0356
0358
0357
0359
0350
0361
0362
0363
0364
0365
0366
0368
0367
0369
0360
0381
0382
0383
0384
0385
0386
0388
0387
0389
0380
0371
0372
0373
0374
0375
0376
0378
0377
0379
0370
0391
0392
0393
0394
0395
0396
0398
0397
0399
0390
0301
0302
0303
0304
0305
0306
0308
0307
0309
0300
0411
0412
0413
0414
0415
0416
0418
0417
0419
0410
0421
0422
0423
0424
0425
0426
0428
0427
0429
0420
0431
0432
0433
0434
0435
0436
0438
0437
0439
0430
0441
0442
0443
0444
0445
0446
0448
0447
0449
0440
0451
0452
0453
0454
0455
0456
0458
0457
0459
0450
0461
0462
0463
0464
0465
0466
0468
0467
0469
0460
0481
0482
0483
0484
0485
0486
0488
0487
0489
0480
0471
0472
0473
0474
0475
0476
0478
0477
0479
0470
0491
0492
0493
0494
0495
0496
0498
0497
0499
0490
0401
0402
0403
0404
0405
0406
0408
0407
0409
0400
0511
0512
0513
0514
0515
0516
0518
0517
0519
0510
0521
0522
0523
0524
0525
0526
0528
0527
0529
0520
0531
0532
0533
0534
0535
0536
0538
0537
0539
0530
0541
0542
0543
0544
0545
0546
0548
0547
0549
0540
0551
0552
0553
0554
0555
0556
0558
0557
0559
0550
0561
0562
0563
0564
0565
0566
0568
0567
0569
0560
0581
0582
0583
0584
0585
0586
0588
0587
0589
0580
0571
0572
0573
0574
0575
0576
0578
0577
0579
0570
0591
0592
0593
0594
0595
0596
0598
0597
0599
0590
0501
0502
0503
0504
0505
0506
0508
0507
0509
0500
0611
0612
0613
0614
0615
0616
0618
0617
0619
0610
0621
0622
0623
0624
0625
0626
0628
0627
0629
0620
0631
0632
0633
0634
0635
0636
0638
0637
0639
0630
0641
0642
0643
0644
0645
0646
0648
0647
0649
0640
0651
0652
0653
0654
0655
0656
0658
0657
0659
0650
0661
0662
0663
0664
0665
0666
0668
0667
0669
0660
0681
0682
0683
0684
0685
0686
0688
0687
0689
0680
0671
0672
0673
0674
0675
0676
0678
0677
0679
0670
0691
0692
0693
0694
0695
0696
0698
0697
0699
0690
0601
0602
0603
0604
0605
0606
0608
0607
0609
0600
0811
0812
0813
0814
0815
0816
0818
0817
0819
0810
0821
0822
0823
0824
0825
0826
0828
0827
0829
0820
0831
0832
0833
0834
0835
0836
0838
0837
0839
0830
0841
0842
0843
0844
0845
0846
0848
0847
0849
0840
0851
0852
0853
0854
0855
0856
0858
0857
0859
0850
0861
0862
0863
0864
0865
0866
0868
0867
0869
0860
0881
0882
0883
0884
0885
0886
0888
0887
0889
0880
0871
0872
0873
0874
0875
0876
0878
0877
0879
0870
0891
0892
0893
0894
0895
0896
0898
0897
0899
0890
0801
0802
0803
0804
0805
0806
0808
0807
0809
0800
0711
0712
0713
0714
0715
0716
0718
0717
0719
0710
0721
0722
0723
0724
0725
0726
0728
0727
0729
0720
0731
0732
0733
0734
0735
0736
0738
0737
0739
0730
0741
0742
0743
0744
0745
0746
0748
0747
0749
0740
0751
0752
0753
0754
0755
0756
0758
0757
0759
0750
0761
0762
0763
0764
0765
0766
0768
0767
0769
0760
0781
0782
0783
0784
0785
0786
0788
0787
0789
0780
0771
0772
0773
0774
0775
0776
0778
0777
0779
0770
0791
0792
0793
0794
0795
0796
0798
0797
0799
0790
0701
0702
0703
0704
0705
0706
0708
0707
0709
0700
0911
0912
0913
0914
0915
0916
0918
0917
0919
0910
0921
0922
0923
0924
0925
0926
0928
0927
0929
0920
0931
0932
0933
0934
0935
0936
0938
0937
0939
0930
0941
0942
0943
0944
0945
0946
0948
0947
0949
0940
0951
0952
0953
0954
0955
0956
0958
0957
0959
0950
0961
0962
0963
0964
0965
0966
0968
0967
0969
0960
0981
0982
0983
0984
0985
0986
0988
0987
0989
0980
0971
0972
0973
0974
0975
0976
0978
0977
0979
0970
0991
0992
0993
0994
0995
0996
0998
0997
0999
0990
0901
0902
0903
0904
0905
0906
0908
0907
0909
0900
0011
0012
0013
0014
0015
0016
0018
0017
0019
0010
0021
0022
0023
0024
0025
0026
0028
0027
0029
0020
0031
0032
0033
0034
0035
0036
0038
0037
0039
0030
0041
0042
0043
0044
0045
0046
0048
0047
0049
0040
0051
0052
0053
0054
0055
0056
0058
0057
0059
0050
0061
0062
0063
0064
0065
0066
0068
0067
0069
0060
0081
0082
0083
0084
0085
0086
0088
0087
0089
0080
0071
0072
0073
0074
0075
0076
0078
0077
0079
0070
0091
0092
0093
0094
0095
0096
0098
0097
0099
0090
0001
0002
0003
0004
0005
0006
0008
0007
0009
0000
